0.0009399563921833362 2.3795592597915682 4.530604411135533 5.973951978239165 0.8551921864164218 6684.549793405806 0.7210680872261658
0.001086699065571413 1.4402276409534847 3.343081712755599 2.0369719550545313 0.8805616685535436 5781.8999815516845 0.5320679797451734
0.00047224768842153453 4.662017905276511 4.8572571574476555 4.617087257747899 0.7812187443331898 13304.851376151431 0.773056486476283
0.0009278802357316261 2.2357409457179 3.4996662564306273 2.2809946864476895 0.8391995679803069 6771.547733447889 0.5569891838828429
0.0008814210657122827 3.1276583368258435 4.402953868207802 2.63075266776585 0.8705614988204596 7128.471909282199 0.7007518723308531
0.00031661559090813873 5.5172361254295 0.7663382941467867 1.4832425357116916 0.8845450969100798 19844.838623258318 0.12196652759407199
0.0007143663536091958 2.734014868930006 3.972892746849575 4.159963900764051 0.889778259047749 8795.466465399757 0.6323055190350478
0.0005206696829710745 4.68691327256302 5.164173700023053 5.101242867605565 0.8416748286042881 12067.507505576516 0.8219037713438315
0.0011035803365305144 2.589293861084115 3.1238971018175 1.0855605880613286 0.8311411645384627 5693.4552920115875 0.497183665464701
0.0009204357422794194 0.6713622518925109 5.129915053344917 1.2092930509922915 0.8187184539166202 6826.316078968804 0.8164513383813676
0.0004983480804965043 3.8845731343096146 4.716147382273697 1.351473413712184 0.8591794691109618 12608.02550080989 0.7505981682387614
0.000717601016954915 1.3990607726723039 5.235632314536128 2.7392613728549096 0.8723407481958702 8755.819959455746 0.8332767630700857
0.0006738060525855605 3.564437310101561 4.04037827624331 3.054165339257841 0.8185741614063862 9324.91669237676 0.6430461746252342
0.0007390806123235842 2.4797932013944015 5.628966534626191 6.053367030242988 0.8647163024900072 8501.353170970046 0.8958778484846147
0.0011489463811456854 2.565007331426285 3.25167047394187 6.263802626612653 0.7736447066376351 5468.649721420624 0.5175194292338147
0.0007469261782929272 3.311518596874571 5.021471346227807 6.019543779881395 0.8159911332096199 8412.056625916606 0.7991919863464698
0.0009464892509551906 2.6090050885590315 5.421726126994506 0.3102793155596888 0.8667160426237862 6638.411689132907 0.8628945132016528
0.00078558195684227 2.6399478105110976 4.101620392966684 0.968677851786561 0.8241788963106987 7998.1283333384035 0.6527931602271699
0.0006494607133504869 3.9906133780344035 5.445112457809622 1.709323751579824 0.7449218887358836 9674.465565076933 0.8666165633516608
0.000913912665538192 2.928999606539344 3.597077720548052 0.9739282600051915 0.8904041151291554 6875.03909739504 0.5724926999109499
0.0008636962476045154 3.2986801117810165 4.078019455571789 1.6882954336087912 0.8199317657607491 7274.762770599234 0.6490369543791701
0.0007159088492748524 3.41847441162076 4.65768318180861 2.182808499684314 0.8636242283575175 8776.515772285613 0.7412933017408274
0.0008183897876592635 2.8563296461374197 4.414092321306392 5.665407193133151 0.8595746757484093 7677.497204786223 0.702524612199891
0.0011612622171346975 2.368082668009784 2.2612941089121703 3.0134243947432724 0.8511908844607878 5410.65162929587 0.35989613521795466
0.0009112421782620367 2.8436161186147797 5.531490025973098 5.663165452787171 0.7836904697827728 6895.18709413031 0.8803639802971351
0.0005278828603770165 4.656900249008121 4.906329499448287 3.489671639413185 0.8388788398069307 11902.612830983193 0.7808665922747794
0.0008163610947410279 1.9338364347401724 4.630054430462934 2.261012770412889 0.8050523330406606 7696.576120120943 0.7368960493927061
0.0010932985565260847 2.7197993516379 4.0519422886979015 2.721245632845317 0.8871695356568933 5746.998630588311 0.6448866443693587
0.0011088742291576693 1.8361053175007154 4.251837386351648 3.162083325848891 0.795291151017569 5666.274084079367 0.6767009372607895
0.0006277704870595 3.073293024997649 6.085647778771053 1.8132045702953372 0.8360726168495662 10008.73000037045 0.9685609259076262
0.0008196767763583149 2.9076714166692676 4.418833047229129 5.802102411691527 0.8358921731970436 7665.442633491112 0.7032791221643385
0.0007011891446705807 2.720356035737455 5.6963411892041735 1.9473650143489147 0.8960559086108898 8960.756673053505 0.9066008577998097
0.0008878424680481573 2.533553616102907 2.0759600106453697 1.4219672067052298 0.8554166886302884 7076.914580345104 0.33039929735531426
0.001123367693516197 2.807389034841007 5.098856310979997 3.6801021158458167 0.8188748629225433 5593.168953891581 0.8115081860077729
0.0008015995938859438 2.6042653741842887 5.8703090948268954 5.774358872840342 0.8499479675549936 7838.30899504372 0.9342887099190103
0.0006628987390045402 3.9113443923860047 5.102065886445497 1.6476221127970796 0.8865788641220386 9478.348558355838 0.8120190058083336
0.000508233047819532 4.62230192885971 5.453847893089502 5.577014897391397 0.8566370261249969 12362.80350940633 0.868006851056513
0.0007693518724039413 3.361212517262321 3.7434445938329546 3.2031796986685546 0.8592298721676483 8166.855157636707 0.5957877112991472
0.0009721883593961136 2.4333360923998653 3.660031350942246 1.587159011822675 0.8296952529934236 6462.929993404223 0.582512081373766
0.0009373954990001745 1.8758156725413282 4.353696101341742 3.053015771236932 0.7084609380987976 6702.8114748590415 0.6929122552484516
0.0008716730665032399 3.117010650343575 5.658952622715742 1.1968825519072959 0.8939235433448363 7208.190259204519 0.9006502826280559
0.0011577957654947436 1.931487675796631 4.83069707892048 5.107646129536868 0.8679284513563573 5426.8511722313015 0.768829318689774
0.0006655622236651627 3.9538359702979418 4.346589235308837 1.803745347264166 0.8217182092917292 9440.417565436512 0.6917811623894229
0.0006943215657294201 2.9997959607556783 5.34590462088925 2.30882983535332 0.8292844585852539 9049.38808947808 0.850827145712329
0.0008182999398877127 2.8423695260584005 5.239752603712428 5.244905165321759 0.8965928090228114 7678.340179325647 0.8339325274594619
0.0010204577071543067 2.8073079249655235 2.5019573869105884 3.611197295866886 0.8883799667009498 6157.222649335614 0.39819888553210186
0.0006589746792212224 3.735891841221238 4.9428104430109725 1.1385971050243584 0.8940691206931899 9534.790190428967 0.7866727147714373
0.0008022699673957105 3.0392375167617702 4.872546816364594 0.47133520337907814 0.8877891825541937 7831.759336044642 0.7754899112711029
0.0009866053296233976 2.1815900745165546 4.423454154176557 2.755513470433219 0.899915216198698 6368.489119735421 0.7040145941775781
0.00104456705215554 2.023312224558971 3.129852948986929 1.3608136520809806 0.8999397669811309 6015.1096037480565 0.4981315679820155
0.00039093074162569 4.819572245935108 5.602836714893272 3.252416823907618 0.8832834156966703 16072.37456192595 0.8917191585120204
0.0011577420312276034 2.559928826791753 1.903357145922 4.707384941396252 0.8666849141668211 5427.103048610282 0.30292869824276825
0.0007530952729405968 3.026489953948223 4.248889384939635 1.512603992021567 0.8249595662867504 8343.147982652648 0.6762317482638258
0.0007713791043658417 3.599295787869197 4.640573814880438 2.3217018184797764 0.8671372660623738 8145.392157524223 0.7385702614210358
0.0007456271813675572 2.306872538176525 4.554045351029325 2.715683088915573 0.8955772666066127 8426.711718925773 0.7247988286809828
0.0005933533879533492 4.067097023967052 4.60133981035771 3.684856253892735 0.8581329316775564 10589.280241328268 0.7323259756639539
0.00114413748183283 2.279715550935969 3.702064340570331 3.8984704752700257 0.6733144955043667 5491.63488387283 0.5892018394460061
0.0007838106786230141 2.878520946494453 4.71023850808956 0.8921437858522239 0.8689598882126277 8016.202736887668 0.7496577417042479
0.0007253150205464721 2.21079644623569 3.5186809350060857 3.9358348465041058 0.836575443700927 8662.698454039548 0.5600154639694307
0.0010624135596909842 2.1849392171943367 4.579577969891479 6.057565381796012 0.821634012663768 5914.067313868929 0.7288624711829759
0.0006026294486466627 3.908452205097849 4.872415149742013 0.8946476307474427 0.8773082196654114 10426.283218136557 0.7754689558772787
0.0009417474074420695 1.154922165787186 4.166680393717849 0.3893399503297943 0.88756377971996 6671.837116330038 0.6631477809442803
0.0007077422818368039 3.057074780675707 4.338351268685706 0.8188461373780695 0.8277015707800657 8877.787110405263 0.6904700492803255
0.0005835924474250056 3.152867063287731 0.3601796163242108 4.515050788431911 0.7741885678964234 10766.39242831703 0.05732436633894047
0.0006591266075830881 3.135194175385856 0.05957126078290287 6.12227335839914 0.8443763853214108 9532.592425936227 0.009481060619815363
0.0005923958048760761 3.767312128523735 4.415575080088465 3.0712290654496313 0.8709090197368354 10606.397370578903 0.7027606005894709
0.0007945346024535444 1.4738683054225041 3.751362973318425 1.327946118834974 0.6289401052084778 7908.007137482672 0.5970479605355372
0.0011329479382429946 1.7394623886332825 3.2376988459361833 3.3814870552382077 0.8147953608459174 5545.872934747306 0.5152957755736685
0.00046693705613199766 4.851246918443456 5.608995845248643 2.720887128487232 0.8956865951915007 13456.171928670838 0.8926994145532252
0.0009519940599405104 2.997620421608348 5.235946836679864 3.5456382358588288 0.8638296190378686 6600.025747610462 0.8333268208239732
0.000957223281729571 2.8748640171547426 4.308187789444008 1.41226352273266 0.8623202210698899 6563.970420596889 0.6856693824581596
0.0010352855063270033 2.969137121252686 3.392810544747075 6.041619431197287 0.8858709410677783 6069.036288811902 0.5399825691708031
0.00046525573827944157 3.44790711369062 6.001069661268404 0.26329610921516977 0.8399750905720116 13504.799167905769 0.9550999004296724
0.0006499529106792671 3.653158983748898 5.845765934253905 1.5432269837160104 0.8790514602220523 9667.13927107891 0.9303825445947206
0.0004137489616414593 4.584452282541528 5.777529918343653 4.604059001087253 0.8093816526656872 15185.984472933565 0.9195224453657068
0.0006109925617158235 3.6635641923089337 5.50746952168898 5.917337395468924 0.8094787657377619 10283.570866288117 0.8765409983047577
0.0011103994807492002 1.8821157066908532 3.5223773998308454 0.7239985422344494 0.8557793706261974 5658.490854967118 0.5606037746182565
0.0006970414065293251 3.878841271880011 5.615562162461413 5.155540540505661 0.8557732031948891 9014.07756888435 0.8937444763955469
0.0010782740041839023 2.6020675425138236 2.9618732715663785 0.3065978650864558 0.735122217322256 5827.076682549767 0.47139677198155283
0.0005663186613737589 3.675116787049058 4.809416977102437 1.6410100887470218 0.7192268313971172 11094.787680028101 0.7654424852959336
0.0005405704195713169 3.6368106253189376 5.122162465786528 5.4407677641648515 0.870838561155687 11623.250329091772 0.8152174757496972
0.0007763907621242468 3.0515850529347914 3.770969521755075 3.059012950514865 0.8577661872216857 8092.813070042788 0.6001684396362008
0.0007883265754092752 2.01784412438416 4.302563302239425 1.2087136838342987 0.8983785731142977 7970.2822449155 0.6847742175171929
0.001034779633529551 2.8889761458820393 3.8618688451839382 0.9279497523103233 0.8957337295036746 6072.003259039938 0.6146355162836132
0.0007834953933699203 3.43759977403564 4.471438850801729 2.3166120900267853 0.7910650791316475 8019.428525488517 0.711651595838239
0.0005806471684086806 2.3213512283692572 5.6454128367610945 3.551195788462328 0.8431234893935328 10821.003957358924 0.8984953587649674
0.0006128103863151412 3.2118143004222786 4.80948756571311 2.8173314091446167 0.8714215269600945 10253.06595235875 0.7654537198222483
0.0005097186546484882 3.339999696780615 5.743081775111071 1.6173887998324745 0.8783984739434608 12326.771347053389 0.9140398530899039
0.0010095879061878487 1.0028562035788733 4.5559831801283535 2.982139404924489 0.8537431332825962 6223.514830822971 0.7251072437609605
0.0004771312284546583 4.859850358001253 5.814428806268147 0.9681425379065738 0.7724154537005299 13168.673380549177 0.9253950857734838
0.0005176337733831439 3.0233065207422323 5.465427094741098 0.007526955674085789 0.8965039531080267 12138.28314585045 0.8698497382364223
0.0006931045682514069 3.6757254563829527 4.19425962045486 3.2526530344688234 0.8031549401005389 9065.277585792095 0.6675371512061278
0.0005580161213773083 4.415529750751308 4.714593087333301 4.948541887227263 0.8651607441213329 11259.863409808453 0.7503507945159748
0.0006548886103794529 3.811809773845589 5.894451128040389 3.1710922802975596 0.8582772480486439 9594.2809320489 0.9381310338412264
0.0009407943723818724 2.8690934098402034 4.719022253617419 6.031651671680847 0.8613793032027117 6678.595760805863 0.7510557182238681
0.001131308590658391 2.096286670387226 3.7296673440726096 1.005324749140347 0.8272451614708232 5553.909303846921 0.5935949938975766
0.0005759549184145899 3.1605311138681573 5.084684513750249 5.191826141803304 0.8891741509979098 10909.161648406583 0.8092526744261623
0.0008865429788338644 2.9259867132110013 4.197677799251455 3.205956273169517 0.7662796158645382 7087.287877959764 0.6680811712579778
0.000429131278396896 3.9200752152004292 5.182412399130419 3.326497074204117 0.8710258080413364 14641.639105524204 0.8248065504623346
0.000668228721889066 3.7456758060255275 5.756524962589676 2.206844321490343 0.8586576151767682 9402.746546747014 0.9161794028280349
